           1           1           5           5
  0.000000000000000E+000  0.000000000000000E+000  0.000000000000000E+000
  7.4185829 -0.1389910 -0.1310500 -0.1675820 -0.0375780
 -0.1389910  7.0338621  0.0198660  0.2280710 -0.0374810
 -0.1310500  0.0198660  6.8794060 -0.1679490 -0.0007200
 -0.1675820  0.2280710 -0.1679490  7.8819771  0.2072660
 -0.0375780 -0.0374810 -0.0007200  0.2072660  7.0504279
           2           2           5           5
  0.000000000000000E+000  0.000000000000000E+000  0.000000000000000E+000
  7.4185829 -0.1389910 -0.1310500 -0.1675820 -0.0375780
 -0.1389910  7.0338621  0.0198660  0.2280710 -0.0374810
 -0.1310500  0.0198660  6.8794060 -0.1679490 -0.0007200
 -0.1675820  0.2280710 -0.1679490  7.8819771  0.2072660
 -0.0375780 -0.0374810 -0.0007200  0.2072660  7.0504279
           3           3           5           5
  0.000000000000000E+000  0.000000000000000E+000  0.000000000000000E+000
  7.4185839 -0.1389910 -0.1310500 -0.1675820 -0.0375780
 -0.1389910  7.0338621  0.0198660  0.2280710 -0.0374810
 -0.1310500  0.0198660  6.8794060 -0.1679490 -0.0007200
 -0.1675820  0.2280710 -0.1679490  7.8819771  0.2072660
 -0.0375780 -0.0374810 -0.0007200  0.2072660  7.0504279
           4           4           5           5
  0.000000000000000E+000  0.000000000000000E+000  0.000000000000000E+000
  7.4185839 -0.1389910 -0.1310500 -0.1675820 -0.0375780
 -0.1389910  7.0338621  0.0198660  0.2280710 -0.0374810
 -0.1310500  0.0198660  6.8794060 -0.1679490 -0.0007200
 -0.1675820  0.2280710 -0.1679490  7.8819771  0.2072660
 -0.0375780 -0.0374810 -0.0007200  0.2072660  7.0504279
           2           4           5           5
  0.000000000000000E+000  -3.42142510415000       0.000000000000000E+000
 -0.0476540 -0.0070290  0.0382250 -0.0133280  0.0163690
 -0.0070290 -0.0470300  0.0205750  0.0204390 -0.0324870
  0.0382250  0.0205750  0.0011220 -0.0568850  0.0149340
 -0.0133280  0.0204390 -0.0568850 -0.1151010  0.0370380
  0.0163690 -0.0324870  0.0149340  0.0370380 -0.0115290
           2           4           5           5
  0.000000000000000E+000   3.42142510415000       0.000000000000000E+000
 -0.0476530 -0.0070300  0.0382250 -0.0133280  0.0163690
 -0.0070300 -0.0470300  0.0205750  0.0204390 -0.0324870
  0.0382250  0.0205750  0.0011220 -0.0568850  0.0149340
 -0.0133280  0.0204390 -0.0568850 -0.1151000  0.0370390
  0.0163690 -0.0324870  0.0149340  0.0370390 -0.0115290
           3           1           5           5
  0.000000000000000E+000  -3.42142510415000       0.000000000000000E+000
 -0.0476540 -0.0070290  0.0382260 -0.0133280  0.0163690
 -0.0070290 -0.0470300  0.0205750  0.0204390 -0.0324870
  0.0382260  0.0205750  0.0011220 -0.0568850  0.0149340
 -0.0133280  0.0204390 -0.0568850 -0.1151010  0.0370380
  0.0163690 -0.0324870  0.0149340  0.0370380 -0.0115290
           1           3           5           5
  0.000000000000000E+000  -3.42142510415000       0.000000000000000E+000
 -0.0476530 -0.0070300  0.0382250 -0.0133280  0.0163690
 -0.0070300 -0.0470300  0.0205750  0.0204390 -0.0324870
  0.0382250  0.0205750  0.0011220 -0.0568850  0.0149340
 -0.0133280  0.0204390 -0.0568850 -0.1151000  0.0370390
  0.0163690 -0.0324870  0.0149340  0.0370390 -0.0115290
           4           2           5           5
  0.000000000000000E+000  -3.42142510415000       0.000000000000000E+000
 -0.0476530 -0.0070300  0.0382250 -0.0133280  0.0163690
 -0.0070300 -0.0470300  0.0205750  0.0204390 -0.0324870
  0.0382250  0.0205750  0.0011220 -0.0568850  0.0149340
 -0.0133280  0.0204390 -0.0568850 -0.1151000  0.0370390
  0.0163690 -0.0324870  0.0149340  0.0370390 -0.0115290
           1           3           5           5
  0.000000000000000E+000   3.42142510415000       0.000000000000000E+000
 -0.0476540 -0.0070290  0.0382260 -0.0133280  0.0163690
 -0.0070290 -0.0470300  0.0205750  0.0204390 -0.0324870
  0.0382260  0.0205750  0.0011220 -0.0568850  0.0149340
 -0.0133280  0.0204390 -0.0568850 -0.1151010  0.0370380
  0.0163690 -0.0324870  0.0149340  0.0370380 -0.0115290
           3           1           5           5
  0.000000000000000E+000   3.42142510415000       0.000000000000000E+000
 -0.0476530 -0.0070300  0.0382250 -0.0133280  0.0163690
 -0.0070300 -0.0470300  0.0205750  0.0204390 -0.0324870
  0.0382250  0.0205750  0.0011220 -0.0568850  0.0149340
 -0.0133280  0.0204390 -0.0568850 -0.1151000  0.0370390
  0.0163690 -0.0324870  0.0149340  0.0370390 -0.0115290
           4           2           5           5
  0.000000000000000E+000   3.42142510415000       0.000000000000000E+000
 -0.0476540 -0.0070290  0.0382250 -0.0133280  0.0163690
 -0.0070290 -0.0470300  0.0205750  0.0204390 -0.0324870
  0.0382250  0.0205750  0.0011220 -0.0568850  0.0149340
 -0.0133280  0.0204390 -0.0568850 -0.1151010  0.0370380
  0.0163690 -0.0324870  0.0149340  0.0370380 -0.0115290
           3           3           5           5
  0.000000000000000E+000  0.000000000000000E+000  -5.02826976780000     
 -0.0172580 -0.0025100 -0.0012680  0.0058170  0.0062250
 -0.0025100  0.0092450 -0.0096230 -0.0053840  0.0091080
 -0.0012680 -0.0096230 -0.0027220 -0.0028130 -0.0003770
  0.0058170 -0.0053840 -0.0028130  0.0034370  0.0054130
  0.0062250  0.0091080 -0.0003770  0.0054130  0.0044110
           4           4           5           5
  0.000000000000000E+000  0.000000000000000E+000  -5.02826976780000     
 -0.0172580 -0.0025100 -0.0012680  0.0058170  0.0062250
 -0.0025100  0.0092450 -0.0096230 -0.0053840  0.0091080
 -0.0012680 -0.0096230 -0.0027220 -0.0028130 -0.0003770
  0.0058170 -0.0053840 -0.0028130  0.0034370  0.0054130
  0.0062250  0.0091080 -0.0003770  0.0054130  0.0044110
           1           1           5           5
  0.000000000000000E+000  0.000000000000000E+000   5.02826976780000     
 -0.0172580 -0.0025100 -0.0012680  0.0058170  0.0062250
 -0.0025100  0.0092450 -0.0096230 -0.0053840  0.0091080
 -0.0012680 -0.0096230 -0.0027220 -0.0028130 -0.0003770
  0.0058170 -0.0053840 -0.0028130  0.0034370  0.0054130
  0.0062250  0.0091080 -0.0003770  0.0054130  0.0044110
           2           2           5           5
  0.000000000000000E+000  0.000000000000000E+000   5.02826976780000     
 -0.0172580 -0.0025100 -0.0012680  0.0058170  0.0062250
 -0.0025100  0.0092450 -0.0096230 -0.0053840  0.0091080
 -0.0012680 -0.0096230 -0.0027220 -0.0028130 -0.0003770
  0.0058170 -0.0053840 -0.0028130  0.0034370  0.0054130
  0.0062250  0.0091080 -0.0003770  0.0054130  0.0044110
           3           3           5           5
  0.000000000000000E+000  0.000000000000000E+000   5.02826976780000     
 -0.0172580 -0.0025100 -0.0012680  0.0058170  0.0062250
 -0.0025100  0.0092450 -0.0096230 -0.0053840  0.0091080
 -0.0012680 -0.0096230 -0.0027220 -0.0028130 -0.0003770
  0.0058170 -0.0053840 -0.0028130  0.0034370  0.0054130
  0.0062250  0.0091080 -0.0003770  0.0054130  0.0044110
           4           4           5           5
  0.000000000000000E+000  0.000000000000000E+000   5.02826976780000     
 -0.0172580 -0.0025100 -0.0012680  0.0058170  0.0062250
 -0.0025100  0.0092450 -0.0096230 -0.0053840  0.0091080
 -0.0012680 -0.0096230 -0.0027220 -0.0028130 -0.0003770
  0.0058170 -0.0053840 -0.0028130  0.0034370  0.0054130
  0.0062250  0.0091080 -0.0003770  0.0054130  0.0044110
           1           1           5           5
  0.000000000000000E+000  0.000000000000000E+000  -5.02826976780000     
 -0.0172580 -0.0025100 -0.0012680  0.0058170  0.0062250
 -0.0025100  0.0092450 -0.0096230 -0.0053840  0.0091080
 -0.0012680 -0.0096230 -0.0027220 -0.0028130 -0.0003770
  0.0058170 -0.0053840 -0.0028130  0.0034370  0.0054130
  0.0062250  0.0091080 -0.0003770  0.0054130  0.0044110
           2           2           5           5
  0.000000000000000E+000  0.000000000000000E+000  -5.02826976780000     
 -0.0172580 -0.0025100 -0.0012680  0.0058170  0.0062250
 -0.0025100  0.0092450 -0.0096230 -0.0053840  0.0091080
 -0.0012680 -0.0096230 -0.0027220 -0.0028130 -0.0003770
  0.0058170 -0.0053840 -0.0028130  0.0034370  0.0054130
  0.0062250  0.0091080 -0.0003770  0.0054130  0.0044110
           3           4           5           5
   4.48138999940000       0.000000000000000E+000   2.51413488390000     
  0.0161140 -0.0076560 -0.0089160  0.0023210 -0.0031490
 -0.0023130  0.0031810 -0.0148800 -0.0062580 -0.0013710
 -0.0000330  0.0028640 -0.0024800  0.0014370  0.0005370
  0.0233170  0.0005350  0.0051400 -0.0134000  0.0007350
  0.0335070 -0.0070050 -0.0054310 -0.0028550  0.0056540
           1           2           5           5
  -4.48138999940000       0.000000000000000E+000   2.51413488390000     
  0.0161140 -0.0023130 -0.0000330  0.0233170  0.0335070
 -0.0076560  0.0031810  0.0028640  0.0005350 -0.0070050
 -0.0089160 -0.0148800 -0.0024800  0.0051400 -0.0054310
  0.0023210 -0.0062580  0.0014370 -0.0134000 -0.0028550
 -0.0031490 -0.0013710  0.0005370  0.0007350  0.0056540
           4           3           5           5
  -4.48138999940000       0.000000000000000E+000  -2.51413488390000     
  0.0161140 -0.0023130 -0.0000330  0.0233170  0.0335070
 -0.0076560  0.0031810  0.0028640  0.0005350 -0.0070050
 -0.0089160 -0.0148800 -0.0024800  0.0051400 -0.0054310
  0.0023210 -0.0062580  0.0014370 -0.0134000 -0.0028550
 -0.0031490 -0.0013710  0.0005370  0.0007350  0.0056540
           1           2           5           5
   4.48138999940000       0.000000000000000E+000   2.51413488390000     
  0.0161140 -0.0076560 -0.0089160  0.0023210 -0.0031490
 -0.0023130  0.0031810 -0.0148800 -0.0062580 -0.0013710
 -0.0000330  0.0028640 -0.0024800  0.0014370  0.0005370
  0.0233170  0.0005350  0.0051400 -0.0134000  0.0007350
  0.0335070 -0.0070050 -0.0054310 -0.0028550  0.0056540
           1           2           5           5
   4.48138999940000       0.000000000000000E+000  -2.51413488390000     
  0.0161140 -0.0023130 -0.0000330  0.0233170  0.0335070
 -0.0076560  0.0031810  0.0028640  0.0005350 -0.0070050
 -0.0089160 -0.0148800 -0.0024800  0.0051400 -0.0054310
  0.0023210 -0.0062580  0.0014370 -0.0134000 -0.0028550
 -0.0031490 -0.0013710  0.0005370  0.0007350  0.0056540
           2           1           5           5
  -4.48138999940000       0.000000000000000E+000   2.51413488390000     
  0.0161140 -0.0076560 -0.0089160  0.0023210 -0.0031490
 -0.0023130  0.0031810 -0.0148800 -0.0062580 -0.0013710
 -0.0000330  0.0028640 -0.0024800  0.0014370  0.0005370
  0.0233170  0.0005350  0.0051400 -0.0134000  0.0007350
  0.0335070 -0.0070050 -0.0054310 -0.0028550  0.0056540
           2           1           5           5
  -4.48138999940000       0.000000000000000E+000  -2.51413488390000     
  0.0161140 -0.0023130 -0.0000330  0.0233170  0.0335070
 -0.0076560  0.0031810  0.0028640  0.0005350 -0.0070050
 -0.0089160 -0.0148800 -0.0024800  0.0051400 -0.0054310
  0.0023210 -0.0062580  0.0014370 -0.0134000 -0.0028550
 -0.0031490 -0.0013710  0.0005370  0.0007350  0.0056540
           3           4           5           5
  -4.48138999940000       0.000000000000000E+000   2.51413488390000     
  0.0161140 -0.0023130 -0.0000330  0.0233170  0.0335070
 -0.0076560  0.0031810  0.0028640  0.0005350 -0.0070050
 -0.0089160 -0.0148800 -0.0024800  0.0051400 -0.0054310
  0.0023210 -0.0062580  0.0014370 -0.0134000 -0.0028550
 -0.0031490 -0.0013710  0.0005370  0.0007350  0.0056540
           4           3           5           5
  -4.48138999940000       0.000000000000000E+000   2.51413488390000     
  0.0161140 -0.0076560 -0.0089160  0.0023210 -0.0031490
 -0.0023130  0.0031810 -0.0148800 -0.0062580 -0.0013710
 -0.0000330  0.0028640 -0.0024800  0.0014370  0.0005370
  0.0233170  0.0005350  0.0051400 -0.0134000  0.0007350
  0.0335070 -0.0070050 -0.0054310 -0.0028550  0.0056540
           1           2           5           5
  -4.48138999940000       0.000000000000000E+000  -2.51413488390000     
  0.0161140 -0.0076560 -0.0089160  0.0023210 -0.0031490
 -0.0023130  0.0031810 -0.0148800 -0.0062580 -0.0013710
 -0.0000330  0.0028640 -0.0024800  0.0014370  0.0005370
  0.0233170  0.0005350  0.0051400 -0.0134000  0.0007350
  0.0335070 -0.0070050 -0.0054310 -0.0028550  0.0056540
           3           4           5           5
   4.48138999940000       0.000000000000000E+000  -2.51413488390000     
  0.0161140 -0.0023130 -0.0000330  0.0233170  0.0335070
 -0.0076560  0.0031810  0.0028640  0.0005350 -0.0070050
 -0.0089160 -0.0148800 -0.0024800  0.0051400 -0.0054310
  0.0023210 -0.0062580  0.0014370 -0.0134000 -0.0028550
 -0.0031490 -0.0013710  0.0005370  0.0007350  0.0056540
           3           4           5           5
  -4.48138999940000       0.000000000000000E+000  -2.51413488390000     
  0.0161140 -0.0076560 -0.0089160  0.0023210 -0.0031490
 -0.0023130  0.0031810 -0.0148800 -0.0062580 -0.0013710
 -0.0000330  0.0028640 -0.0024800  0.0014370  0.0005370
  0.0233170  0.0005350  0.0051400 -0.0134000  0.0007350
  0.0335070 -0.0070050 -0.0054310 -0.0028550  0.0056540
           2           1           5           5
   4.48138999940000       0.000000000000000E+000  -2.51413488390000     
  0.0161140 -0.0076560 -0.0089160  0.0023210 -0.0031490
 -0.0023130  0.0031810 -0.0148800 -0.0062580 -0.0013710
 -0.0000330  0.0028640 -0.0024800  0.0014370  0.0005370
  0.0233170  0.0005350  0.0051400 -0.0134000  0.0007350
  0.0335070 -0.0070050 -0.0054310 -0.0028550  0.0056540
           4           3           5           5
   4.48138999940000       0.000000000000000E+000  -2.51413488390000     
  0.0161140 -0.0076560 -0.0089160  0.0023210 -0.0031490
 -0.0023130  0.0031810 -0.0148800 -0.0062580 -0.0013710
 -0.0000330  0.0028640 -0.0024800  0.0014370  0.0005370
  0.0233170  0.0005350  0.0051400 -0.0134000  0.0007350
  0.0335070 -0.0070050 -0.0054310 -0.0028550  0.0056540
           2           1           5           5
   4.48138999940000       0.000000000000000E+000   2.51413488390000     
  0.0161140 -0.0023130 -0.0000330  0.0233170  0.0335070
 -0.0076560  0.0031810  0.0028640  0.0005350 -0.0070050
 -0.0089160 -0.0148800 -0.0024800  0.0051400 -0.0054310
  0.0023210 -0.0062580  0.0014370 -0.0134000 -0.0028550
 -0.0031490 -0.0013710  0.0005370  0.0007350  0.0056540
           4           3           5           5
   4.48138999940000       0.000000000000000E+000   2.51413488390000     
  0.0161140 -0.0023130 -0.0000330  0.0233170  0.0335070
 -0.0076560  0.0031810  0.0028640  0.0005350 -0.0070050
 -0.0089160 -0.0148800 -0.0024800  0.0051400 -0.0054310
  0.0023210 -0.0062580  0.0014370 -0.0134000 -0.0028550
 -0.0031490 -0.0013710  0.0005370  0.0007350  0.0056540
           2           4           5           5
  0.000000000000000E+000   3.42142510415000        5.02826976780000     
  0.0352350 -0.0005220  0.0029670 -0.0564650 -0.0324400
 -0.0147510 -0.0001800  0.0009690  0.0176960  0.0270830
 -0.0101500 -0.0070220  0.0002280  0.0115270  0.0183540
 -0.0031310 -0.0027390 -0.0007450  0.0052450  0.0015370
 -0.0001830  0.0005390 -0.0002090  0.0008250 -0.0015340
           3           1           5           5
  0.000000000000000E+000  -3.42142510415000        5.02826976780000     
  0.0352350 -0.0147510 -0.0101500 -0.0031310 -0.0001830
 -0.0005220 -0.0001800 -0.0070220 -0.0027390  0.0005390
  0.0029670  0.0009690  0.0002280 -0.0007450 -0.0002090
 -0.0564650  0.0176960  0.0115270  0.0052450  0.0008250
 -0.0324400  0.0270830  0.0183540  0.0015370 -0.0015340
           2           4           5           5
  0.000000000000000E+000  -3.42142510415000       -5.02826976780000     
  0.0352350 -0.0005220  0.0029670 -0.0564650 -0.0324400
 -0.0147510 -0.0001800  0.0009690  0.0176960  0.0270830
 -0.0101500 -0.0070220  0.0002280  0.0115270  0.0183540
 -0.0031310 -0.0027390 -0.0007450  0.0052450  0.0015370
 -0.0001830  0.0005390 -0.0002090  0.0008250 -0.0015340
           4           2           5           5
  0.000000000000000E+000  -3.42142510415000        5.02826976780000     
  0.0352350 -0.0005220  0.0029670 -0.0564650 -0.0324400
 -0.0147510 -0.0001800  0.0009690  0.0176960  0.0270830
 -0.0101500 -0.0070220  0.0002280  0.0115270  0.0183540
 -0.0031310 -0.0027390 -0.0007450  0.0052450  0.0015370
 -0.0001830  0.0005390 -0.0002090  0.0008250 -0.0015340
           1           3           5           5
  0.000000000000000E+000   3.42142510415000       -5.02826976780000     
  0.0352350 -0.0005220  0.0029670 -0.0564650 -0.0324400
 -0.0147510 -0.0001800  0.0009690  0.0176960  0.0270830
 -0.0101500 -0.0070220  0.0002280  0.0115270  0.0183540
 -0.0031310 -0.0027390 -0.0007450  0.0052450  0.0015370
 -0.0001830  0.0005390 -0.0002090  0.0008250 -0.0015340
           1           3           5           5
  0.000000000000000E+000  -3.42142510415000        5.02826976780000     
  0.0352350 -0.0005220  0.0029670 -0.0564650 -0.0324400
 -0.0147510 -0.0001800  0.0009690  0.0176960  0.0270830
 -0.0101500 -0.0070220  0.0002280  0.0115270  0.0183540
 -0.0031310 -0.0027390 -0.0007450  0.0052450  0.0015370
 -0.0001830  0.0005390 -0.0002090  0.0008250 -0.0015340
           3           1           5           5
  0.000000000000000E+000   3.42142510415000       -5.02826976780000     
  0.0352350 -0.0147510 -0.0101500 -0.0031310 -0.0001830
 -0.0005220 -0.0001800 -0.0070220 -0.0027390  0.0005390
  0.0029670  0.0009690  0.0002280 -0.0007450 -0.0002090
 -0.0564650  0.0176960  0.0115270  0.0052450  0.0008250
 -0.0324400  0.0270830  0.0183540  0.0015370 -0.0015340
           4           2           5           5
  0.000000000000000E+000   3.42142510415000       -5.02826976780000     
  0.0352350 -0.0005220  0.0029670 -0.0564650 -0.0324400
 -0.0147510 -0.0001800  0.0009690  0.0176960  0.0270830
 -0.0101500 -0.0070220  0.0002280  0.0115270  0.0183540
 -0.0031310 -0.0027390 -0.0007450  0.0052450  0.0015370
 -0.0001830  0.0005390 -0.0002090  0.0008250 -0.0015340
           2           4           5           5
  0.000000000000000E+000   3.42142510415000       -5.02826976780000     
  0.0352350 -0.0147510 -0.0101500 -0.0031310 -0.0001830
 -0.0005220 -0.0001800 -0.0070220 -0.0027390  0.0005390
  0.0029670  0.0009690  0.0002280 -0.0007450 -0.0002090
 -0.0564650  0.0176960  0.0115270  0.0052450  0.0008250
 -0.0324400  0.0270830  0.0183540  0.0015370 -0.0015340
           3           1           5           5
  0.000000000000000E+000  -3.42142510415000       -5.02826976780000     
  0.0352350 -0.0005220  0.0029670 -0.0564650 -0.0324400
 -0.0147510 -0.0001800  0.0009690  0.0176960  0.0270830
 -0.0101500 -0.0070220  0.0002280  0.0115270  0.0183540
 -0.0031310 -0.0027390 -0.0007450  0.0052450  0.0015370
 -0.0001830  0.0005390 -0.0002090  0.0008250 -0.0015340
           3           1           5           5
  0.000000000000000E+000   3.42142510415000        5.02826976780000     
  0.0352350 -0.0005220  0.0029670 -0.0564650 -0.0324400
 -0.0147510 -0.0001800  0.0009690  0.0176960  0.0270830
 -0.0101500 -0.0070220  0.0002280  0.0115270  0.0183540
 -0.0031310 -0.0027390 -0.0007450  0.0052450  0.0015370
 -0.0001830  0.0005390 -0.0002090  0.0008250 -0.0015340
           4           2           5           5
  0.000000000000000E+000   3.42142510415000        5.02826976780000     
  0.0352350 -0.0147510 -0.0101500 -0.0031310 -0.0001830
 -0.0005220 -0.0001800 -0.0070220 -0.0027390  0.0005390
  0.0029670  0.0009690  0.0002280 -0.0007450 -0.0002090
 -0.0564650  0.0176960  0.0115270  0.0052450  0.0008250
 -0.0324400  0.0270830  0.0183540  0.0015370 -0.0015340
           2           4           5           5
  0.000000000000000E+000  -3.42142510415000        5.02826976780000     
  0.0352350 -0.0147510 -0.0101500 -0.0031310 -0.0001830
 -0.0005220 -0.0001800 -0.0070220 -0.0027390  0.0005390
  0.0029670  0.0009690  0.0002280 -0.0007450 -0.0002090
 -0.0564650  0.0176960  0.0115270  0.0052450  0.0008250
 -0.0324400  0.0270830  0.0183540  0.0015370 -0.0015340
           1           3           5           5
  0.000000000000000E+000   3.42142510415000        5.02826976780000     
  0.0352350 -0.0147510 -0.0101500 -0.0031310 -0.0001830
 -0.0005220 -0.0001800 -0.0070220 -0.0027390  0.0005390
  0.0029670  0.0009690  0.0002280 -0.0007450 -0.0002090
 -0.0564650  0.0176960  0.0115270  0.0052450  0.0008250
 -0.0324400  0.0270830  0.0183540  0.0015370 -0.0015340
           1           3           5           5
  0.000000000000000E+000  -3.42142510415000       -5.02826976780000     
  0.0352350 -0.0147510 -0.0101500 -0.0031310 -0.0001830
 -0.0005220 -0.0001800 -0.0070220 -0.0027390  0.0005390
  0.0029670  0.0009690  0.0002280 -0.0007450 -0.0002090
 -0.0564650  0.0176960  0.0115270  0.0052450  0.0008250
 -0.0324400  0.0270830  0.0183540  0.0015370 -0.0015340
           4           2           5           5
  0.000000000000000E+000  -3.42142510415000       -5.02826976780000     
  0.0352350 -0.0147510 -0.0101500 -0.0031310 -0.0001830
 -0.0005220 -0.0001800 -0.0070220 -0.0027390  0.0005390
  0.0029670  0.0009690  0.0002280 -0.0007450 -0.0002090
 -0.0564650  0.0176960  0.0115270  0.0052450  0.0008250
 -0.0324400  0.0270830  0.0183540  0.0015370 -0.0015340
           2           3           5           5
  -4.48138999940000       -3.42142510415000        2.51413488390000     
 -0.0085610 -0.0015540  0.0012850 -0.0192390 -0.0119630
  0.0089530  0.0062630 -0.0340490  0.0495460  0.0081270
 -0.0007570 -0.0006250  0.0016620 -0.0052190 -0.0009320
  0.0205380  0.0081880 -0.0198020  0.0565730  0.0228550
 -0.0035720  0.0012530  0.0136660 -0.0217330  0.0056670
           1           4           5           5
  -4.48138999940000        3.42142510415000       -2.51413488390000     
  0.0001380 -0.0006160  0.0041420  0.0011840 -0.0005930
  0.0082100 -0.0025250  0.0021420 -0.0001810 -0.0013120
  0.0091830  0.0023200  0.0023500 -0.0004710 -0.0010990
 -0.0070930 -0.0066370  0.0053890  0.0003320 -0.0031860
  0.0265190 -0.0043350  0.0069180 -0.0002920 -0.0035970
           2           3           5           5
  -4.48138999940000        3.42142510415000        2.51413488390000     
  0.0001380 -0.0006160  0.0041420  0.0011840 -0.0005930
  0.0082100 -0.0025250  0.0021420 -0.0001810 -0.0013120
  0.0091830  0.0023200  0.0023500 -0.0004710 -0.0010990
 -0.0070930 -0.0066370  0.0053890  0.0003320 -0.0031860
  0.0265190 -0.0043350  0.0069180 -0.0002920 -0.0035970
           3           2           5           5
  -4.48138999940000        3.42142510415000       -2.51413488390000     
 -0.0085610 -0.0015540  0.0012850 -0.0192390 -0.0119630
  0.0089530  0.0062630 -0.0340490  0.0495460  0.0081270
 -0.0007570 -0.0006250  0.0016620 -0.0052190 -0.0009320
  0.0205380  0.0081880 -0.0198020  0.0565730  0.0228550
 -0.0035720  0.0012530  0.0136670 -0.0217330  0.0056670
           1           4           5           5
   4.48138999940000        3.42142510415000        2.51413488390000     
 -0.0085610 -0.0015540  0.0012850 -0.0192390 -0.0119630
  0.0089530  0.0062630 -0.0340490  0.0495460  0.0081270
 -0.0007570 -0.0006250  0.0016620 -0.0052190 -0.0009320
  0.0205380  0.0081880 -0.0198020  0.0565730  0.0228550
 -0.0035720  0.0012530  0.0136660 -0.0217330  0.0056670
           3           2           5           5
  -4.48138999940000        3.42142510415000        2.51413488390000     
  0.0001380  0.0082100  0.0091830 -0.0070930  0.0265190
 -0.0006160 -0.0025250  0.0023200 -0.0066370 -0.0043350
  0.0041420  0.0021420  0.0023500  0.0053890  0.0069180
  0.0011840 -0.0001810 -0.0004710  0.0003320 -0.0002920
 -0.0005930 -0.0013120 -0.0010990 -0.0031860 -0.0035970
           4           1           5           5
  -4.48138999940000       -3.42142510415000        2.51413488390000     
  0.0001380 -0.0006160  0.0041420  0.0011840 -0.0005930
  0.0082100 -0.0025250  0.0021420 -0.0001810 -0.0013120
  0.0091830  0.0023200  0.0023500 -0.0004710 -0.0010990
 -0.0070930 -0.0066370  0.0053890  0.0003320 -0.0031860
  0.0265190 -0.0043350  0.0069180 -0.0002920 -0.0035970
           3           2           5           5
  -4.48138999940000       -3.42142510415000       -2.51413488390000     
  0.0001380 -0.0006160  0.0041420  0.0011840 -0.0005930
  0.0082100 -0.0025250  0.0021420 -0.0001810 -0.0013120
  0.0091830  0.0023200  0.0023500 -0.0004710 -0.0010990
 -0.0070930 -0.0066370  0.0053890  0.0003320 -0.0031860
  0.0265190 -0.0043350  0.0069180 -0.0002920 -0.0035970
           2           3           5           5
  -4.48138999940000        3.42142510415000       -2.51413488390000     
 -0.0085610  0.0089530 -0.0007570  0.0205380 -0.0035720
 -0.0015540  0.0062630 -0.0006250  0.0081880  0.0012530
  0.0012850 -0.0340490  0.0016620 -0.0198020  0.0136660
 -0.0192390  0.0495460 -0.0052190  0.0565730 -0.0217330
 -0.0119630  0.0081270 -0.0009320  0.0228550  0.0056670
           1           4           5           5
   4.48138999940000        3.42142510415000       -2.51413488390000     
  0.0001380  0.0082100  0.0091830 -0.0070930  0.0265190
 -0.0006160 -0.0025250  0.0023200 -0.0066370 -0.0043350
  0.0041420  0.0021420  0.0023500  0.0053890  0.0069180
  0.0011840 -0.0001810 -0.0004710  0.0003320 -0.0002920
 -0.0005930 -0.0013120 -0.0010990 -0.0031860 -0.0035970
           1           4           5           5
   4.48138999940000       -3.42142510415000       -2.51413488390000     
 -0.0085610  0.0089530 -0.0007570  0.0205380 -0.0035720
 -0.0015540  0.0062630 -0.0006250  0.0081880  0.0012530
  0.0012850 -0.0340490  0.0016620 -0.0198020  0.0136660
 -0.0192390  0.0495460 -0.0052190  0.0565730 -0.0217330
 -0.0119630  0.0081270 -0.0009320  0.0228550  0.0056670
           3           2           5           5
   4.48138999940000        3.42142510415000       -2.51413488390000     
 -0.0085610  0.0089530 -0.0007570  0.0205380 -0.0035720
 -0.0015540  0.0062630 -0.0006250  0.0081880  0.0012530
  0.0012850 -0.0340490  0.0016620 -0.0198020  0.0136660
 -0.0192390  0.0495460 -0.0052190  0.0565730 -0.0217330
 -0.0119630  0.0081270 -0.0009320  0.0228550  0.0056670
           3           2           5           5
   4.48138999940000       -3.42142510415000        2.51413488390000     
 -0.0085610 -0.0015540  0.0012850 -0.0192390 -0.0119630
  0.0089530  0.0062630 -0.0340490  0.0495460  0.0081270
 -0.0007570 -0.0006250  0.0016620 -0.0052190 -0.0009320
  0.0205380  0.0081880 -0.0198020  0.0565730  0.0228550
 -0.0035720  0.0012530  0.0136660 -0.0217330  0.0056670
           1           4           5           5
  -4.48138999940000       -3.42142510415000        2.51413488390000     
  0.0001380  0.0082100  0.0091830 -0.0070930  0.0265190
 -0.0006160 -0.0025250  0.0023200 -0.0066370 -0.0043350
  0.0041420  0.0021420  0.0023500  0.0053890  0.0069180
  0.0011840 -0.0001810 -0.0004710  0.0003320 -0.0002920
 -0.0005930 -0.0013120 -0.0010990 -0.0031860 -0.0035970
           3           2           5           5
   4.48138999940000        3.42142510415000        2.51413488390000     
  0.0001380 -0.0006160  0.0041420  0.0011840 -0.0005930
  0.0082100 -0.0025250  0.0021420 -0.0001810 -0.0013120
  0.0091830  0.0023200  0.0023500 -0.0004710 -0.0010990
 -0.0070930 -0.0066370  0.0053890  0.0003320 -0.0031860
  0.0265190 -0.0043350  0.0069180 -0.0002920 -0.0035970
           4           1           5           5
  -4.48138999940000        3.42142510415000       -2.51413488390000     
  0.0001380  0.0082100  0.0091830 -0.0070930  0.0265190
 -0.0006160 -0.0025250  0.0023200 -0.0066370 -0.0043350
  0.0041420  0.0021420  0.0023500  0.0053890  0.0069180
  0.0011840 -0.0001810 -0.0004710  0.0003320 -0.0002920
 -0.0005930 -0.0013120 -0.0010990 -0.0031860 -0.0035970
           1           4           5           5
  -4.48138999940000       -3.42142510415000       -2.51413488390000     
 -0.0085610 -0.0015540  0.0012850 -0.0192390 -0.0119630
  0.0089530  0.0062630 -0.0340490  0.0495460  0.0081270
 -0.0007570 -0.0006250  0.0016620 -0.0052190 -0.0009320
  0.0205380  0.0081880 -0.0198020  0.0565730  0.0228550
 -0.0035720  0.0012530  0.0136670 -0.0217330  0.0056670
           4           1           5           5
  -4.48138999940000       -3.42142510415000       -2.51413488390000     
 -0.0085610  0.0089530 -0.0007570  0.0205380 -0.0035720
 -0.0015540  0.0062630 -0.0006250  0.0081880  0.0012530
  0.0012850 -0.0340490  0.0016620 -0.0198020  0.0136660
 -0.0192390  0.0495460 -0.0052190  0.0565730 -0.0217330
 -0.0119630  0.0081270 -0.0009320  0.0228550  0.0056670
           4           1           5           5
  -4.48138999940000        3.42142510415000        2.51413488390000     
 -0.0085610 -0.0015540  0.0012850 -0.0192390 -0.0119630
  0.0089530  0.0062630 -0.0340490  0.0495460  0.0081270
 -0.0007570 -0.0006250  0.0016620 -0.0052190 -0.0009320
  0.0205380  0.0081880 -0.0198020  0.0565730  0.0228550
 -0.0035720  0.0012530  0.0136660 -0.0217330  0.0056670
           3           2           5           5
   4.48138999940000       -3.42142510415000       -2.51413488390000     
  0.0001380  0.0082100  0.0091830 -0.0070930  0.0265190
 -0.0006160 -0.0025250  0.0023200 -0.0066370 -0.0043350
  0.0041420  0.0021420  0.0023500  0.0053890  0.0069180
  0.0011840 -0.0001810 -0.0004710  0.0003320 -0.0002920
 -0.0005930 -0.0013120 -0.0010990 -0.0031860 -0.0035970
           2           3           5           5
   4.48138999940000       -3.42142510415000       -2.51413488390000     
  0.0001380 -0.0006160  0.0041420  0.0011840 -0.0005930
  0.0082100 -0.0025250  0.0021420 -0.0001810 -0.0013120
  0.0091830  0.0023200  0.0023500 -0.0004710 -0.0010990
 -0.0070930 -0.0066370  0.0053890  0.0003320 -0.0031860
  0.0265190 -0.0043350  0.0069180 -0.0002920 -0.0035970
           2           3           5           5
   4.48138999940000       -3.42142510415000        2.51413488390000     
 -0.0085610  0.0089530 -0.0007570  0.0205380 -0.0035720
 -0.0015540  0.0062630 -0.0006250  0.0081880  0.0012530
  0.0012850 -0.0340490  0.0016620 -0.0198020  0.0136670
 -0.0192390  0.0495460 -0.0052190  0.0565730 -0.0217330
 -0.0119630  0.0081270 -0.0009320  0.0228550  0.0056670
           1           4           5           5
   4.48138999940000       -3.42142510415000        2.51413488390000     
  0.0001380 -0.0006160  0.0041420  0.0011840 -0.0005930
  0.0082100 -0.0025250  0.0021420 -0.0001810 -0.0013120
  0.0091830  0.0023200  0.0023500 -0.0004710 -0.0010990
 -0.0070930 -0.0066370  0.0053890  0.0003320 -0.0031860
  0.0265190 -0.0043350  0.0069180 -0.0002920 -0.0035970
           2           3           5           5
   4.48138999940000        3.42142510415000       -2.51413488390000     
 -0.0085610 -0.0015540  0.0012850 -0.0192390 -0.0119630
  0.0089530  0.0062630 -0.0340490  0.0495460  0.0081270
 -0.0007570 -0.0006250  0.0016620 -0.0052190 -0.0009320
  0.0205380  0.0081880 -0.0198020  0.0565730  0.0228550
 -0.0035720  0.0012530  0.0136670 -0.0217330  0.0056670
           4           1           5           5
   4.48138999940000       -3.42142510415000       -2.51413488390000     
 -0.0085610 -0.0015540  0.0012850 -0.0192390 -0.0119630
  0.0089530  0.0062630 -0.0340490  0.0495460  0.0081270
 -0.0007570 -0.0006250  0.0016620 -0.0052190 -0.0009320
  0.0205380  0.0081880 -0.0198020  0.0565730  0.0228550
 -0.0035720  0.0012530  0.0136670 -0.0217330  0.0056670
           2           3           5           5
  -4.48138999940000       -3.42142510415000       -2.51413488390000     
  0.0001380  0.0082100  0.0091830 -0.0070930  0.0265190
 -0.0006160 -0.0025250  0.0023200 -0.0066370 -0.0043350
  0.0041420  0.0021420  0.0023500  0.0053890  0.0069180
  0.0011840 -0.0001810 -0.0004710  0.0003320 -0.0002920
 -0.0005930 -0.0013120 -0.0010990 -0.0031860 -0.0035970
           1           4           5           5
  -4.48138999940000        3.42142510415000        2.51413488390000     
 -0.0085610  0.0089530 -0.0007570  0.0205380 -0.0035720
 -0.0015540  0.0062630 -0.0006250  0.0081880  0.0012530
  0.0012850 -0.0340490  0.0016620 -0.0198020  0.0136670
 -0.0192390  0.0495460 -0.0052190  0.0565730 -0.0217330
 -0.0119630  0.0081270 -0.0009320  0.0228550  0.0056670
           2           3           5           5
   4.48138999940000        3.42142510415000        2.51413488390000     
  0.0001380  0.0082100  0.0091830 -0.0070930  0.0265190
 -0.0006160 -0.0025250  0.0023200 -0.0066370 -0.0043350
  0.0041420  0.0021420  0.0023500  0.0053890  0.0069180
  0.0011840 -0.0001810 -0.0004710  0.0003320 -0.0002920
 -0.0005930 -0.0013120 -0.0010990 -0.0031860 -0.0035970
           4           1           5           5
   4.48138999940000       -3.42142510415000        2.51413488390000     
  0.0001380  0.0082100  0.0091830 -0.0070930  0.0265190
 -0.0006160 -0.0025250  0.0023200 -0.0066370 -0.0043350
  0.0041420  0.0021420  0.0023500  0.0053890  0.0069180
  0.0011840 -0.0001810 -0.0004710  0.0003320 -0.0002920
 -0.0005930 -0.0013120 -0.0010990 -0.0031860 -0.0035970
           3           2           5           5
  -4.48138999940000       -3.42142510415000        2.51413488390000     
 -0.0085610  0.0089530 -0.0007570  0.0205380 -0.0035720
 -0.0015540  0.0062630 -0.0006250  0.0081880  0.0012530
  0.0012850 -0.0340490  0.0016620 -0.0198020  0.0136670
 -0.0192390  0.0495460 -0.0052190  0.0565730 -0.0217330
 -0.0119630  0.0081270 -0.0009320  0.0228550  0.0056670
           4           1           5           5
   4.48138999940000        3.42142510415000       -2.51413488390000     
  0.0001380 -0.0006160  0.0041420  0.0011840 -0.0005930
  0.0082100 -0.0025250  0.0021420 -0.0001810 -0.0013120
  0.0091830  0.0023200  0.0023500 -0.0004710 -0.0010990
 -0.0070930 -0.0066370  0.0053890  0.0003320 -0.0031860
  0.0265190 -0.0043350  0.0069180 -0.0002920 -0.0035970
           4           1           5           5
   4.48138999940000        3.42142510415000        2.51413488390000     
 -0.0085610  0.0089530 -0.0007570  0.0205380 -0.0035720
 -0.0015540  0.0062630 -0.0006250  0.0081880  0.0012530
  0.0012850 -0.0340490  0.0016620 -0.0198020  0.0136670
 -0.0192390  0.0495460 -0.0052190  0.0565730 -0.0217330
 -0.0119630  0.0081270 -0.0009320  0.0228550  0.0056670
           4           4           5           5
  0.000000000000000E+000   6.84285020830000       0.000000000000000E+000
  0.0028620 -0.0006170  0.0015900  0.0029740 -0.0003030
 -0.0006170  0.0012450  0.0017810  0.0009690  0.0008940
  0.0015900  0.0017810  0.0008380 -0.0037160  0.0021450
  0.0029740  0.0009690 -0.0037160 -0.0053990  0.0026720
 -0.0003030  0.0008940  0.0021450  0.0026720  0.0020850
           1           1           5           5
  0.000000000000000E+000   6.84285020830000       0.000000000000000E+000
  0.0028620 -0.0006170  0.0015900  0.0029740 -0.0003030
 -0.0006170  0.0012450  0.0017810  0.0009690  0.0008940
  0.0015900  0.0017810  0.0008380 -0.0037160  0.0021450
  0.0029740  0.0009690 -0.0037160 -0.0053990  0.0026720
 -0.0003030  0.0008940  0.0021450  0.0026720  0.0020850
           2           2           5           5
  0.000000000000000E+000   6.84285020830000       0.000000000000000E+000
  0.0028620 -0.0006170  0.0015900  0.0029740 -0.0003030
 -0.0006170  0.0012450  0.0017810  0.0009690  0.0008940
  0.0015900  0.0017810  0.0008380 -0.0037160  0.0021450
  0.0029740  0.0009690 -0.0037160 -0.0053990  0.0026720
 -0.0003030  0.0008940  0.0021450  0.0026720  0.0020850
           3           3           5           5
  0.000000000000000E+000  -6.84285020830000       0.000000000000000E+000
  0.0028620 -0.0006170  0.0015900  0.0029740 -0.0003030
 -0.0006170  0.0012450  0.0017810  0.0009690  0.0008940
  0.0015900  0.0017810  0.0008380 -0.0037160  0.0021450
  0.0029740  0.0009690 -0.0037160 -0.0053990  0.0026720
 -0.0003030  0.0008940  0.0021450  0.0026720  0.0020850
           4           4           5           5
  0.000000000000000E+000  -6.84285020830000       0.000000000000000E+000
  0.0028620 -0.0006170  0.0015900  0.0029740 -0.0003030
 -0.0006170  0.0012450  0.0017810  0.0009690  0.0008940
  0.0015900  0.0017810  0.0008380 -0.0037160  0.0021450
  0.0029740  0.0009690 -0.0037160 -0.0053990  0.0026720
 -0.0003030  0.0008940  0.0021450  0.0026720  0.0020850
           3           3           5           5
  0.000000000000000E+000   6.84285020830000       0.000000000000000E+000
  0.0028620 -0.0006170  0.0015900  0.0029740 -0.0003030
 -0.0006170  0.0012450  0.0017810  0.0009690  0.0008940
  0.0015900  0.0017810  0.0008380 -0.0037160  0.0021450
  0.0029740  0.0009690 -0.0037160 -0.0053990  0.0026720
 -0.0003030  0.0008940  0.0021450  0.0026720  0.0020850
           1           1           5           5
  0.000000000000000E+000  -6.84285020830000       0.000000000000000E+000
  0.0028620 -0.0006170  0.0015900  0.0029740 -0.0003030
 -0.0006170  0.0012450  0.0017810  0.0009690  0.0008940
  0.0015900  0.0017810  0.0008380 -0.0037160  0.0021450
  0.0029740  0.0009690 -0.0037160 -0.0053990  0.0026720
 -0.0003030  0.0008940  0.0021450  0.0026720  0.0020850
           2           2           5           5
  0.000000000000000E+000  -6.84285020830000       0.000000000000000E+000
  0.0028620 -0.0006170  0.0015900  0.0029740 -0.0003030
 -0.0006170  0.0012450  0.0017810  0.0009690  0.0008940
  0.0015900  0.0017810  0.0008380 -0.0037160  0.0021450
  0.0029740  0.0009690 -0.0037160 -0.0053990  0.0026720
 -0.0003030  0.0008940  0.0021450  0.0026720  0.0020850
           3           3           5           5
  0.000000000000000E+000   6.84285020830000        5.02826976780000     
  0.0034440 -0.0011260  0.0013040  0.0046740  0.0009480
 -0.0011260 -0.0002070 -0.0015240 -0.0034960 -0.0007130
  0.0013040 -0.0015240 -0.0018080 -0.0026720 -0.0006320
  0.0046740 -0.0034960 -0.0026720 -0.0012650 -0.0002160
  0.0009480 -0.0007130 -0.0006320 -0.0002160  0.0001450
           3           3           5           5
  0.000000000000000E+000   6.84285020830000       -5.02826976780000     
 -0.0006380  0.0005330 -0.0006100 -0.0009500  0.0004450
  0.0005330  0.0003350 -0.0004900  0.0001030  0.0001310
 -0.0006100 -0.0004900 -0.0001500  0.0005530  0.0006920
 -0.0009500  0.0001030  0.0005530  0.0056700  0.0018130
  0.0004450  0.0001310  0.0006920  0.0018130 -0.0015650
           2           2           5           5
  0.000000000000000E+000  -6.84285020830000       -5.02826976780000     
  0.0034440 -0.0011260  0.0013040  0.0046740  0.0009480
 -0.0011260 -0.0002070 -0.0015240 -0.0034960 -0.0007130
  0.0013040 -0.0015240 -0.0018080 -0.0026720 -0.0006320
  0.0046740 -0.0034960 -0.0026720 -0.0012650 -0.0002160
  0.0009480 -0.0007130 -0.0006320 -0.0002160  0.0001450
           4           4           5           5
  0.000000000000000E+000   6.84285020830000        5.02826976780000     
 -0.0006380  0.0005330 -0.0006100 -0.0009500  0.0004450
  0.0005330  0.0003350 -0.0004900  0.0001030  0.0001310
 -0.0006100 -0.0004900 -0.0001500  0.0005530  0.0006920
 -0.0009500  0.0001030  0.0005530  0.0056700  0.0018130
  0.0004450  0.0001310  0.0006920  0.0018130 -0.0015640
           4           4           5           5
  0.000000000000000E+000   6.84285020830000       -5.02826976780000     
  0.0034440 -0.0011260  0.0013040  0.0046740  0.0009480
 -0.0011260 -0.0002070 -0.0015240 -0.0034960 -0.0007130
  0.0013040 -0.0015240 -0.0018080 -0.0026720 -0.0006320
  0.0046740 -0.0034960 -0.0026720 -0.0012650 -0.0002160
  0.0009480 -0.0007130 -0.0006320 -0.0002160  0.0001450
           2           2           5           5
  0.000000000000000E+000  -6.84285020830000        5.02826976780000     
 -0.0006380  0.0005330 -0.0006100 -0.0009500  0.0004450
  0.0005330  0.0003350 -0.0004900  0.0001030  0.0001310
 -0.0006100 -0.0004900 -0.0001500  0.0005530  0.0006920
 -0.0009500  0.0001030  0.0005530  0.0056700  0.0018130
  0.0004450  0.0001310  0.0006920  0.0018130 -0.0015640
           1           1           5           5
  0.000000000000000E+000  -6.84285020830000       -5.02826976780000     
 -0.0006380  0.0005330 -0.0006100 -0.0009500  0.0004450
  0.0005330  0.0003350 -0.0004900  0.0001030  0.0001310
 -0.0006100 -0.0004900 -0.0001500  0.0005530  0.0006920
 -0.0009500  0.0001030  0.0005530  0.0056700  0.0018130
  0.0004450  0.0001310  0.0006920  0.0018130 -0.0015650
           3           3           5           5
  0.000000000000000E+000  -6.84285020830000       -5.02826976780000     
  0.0034440 -0.0011260  0.0013040  0.0046740  0.0009480
